bgc_id,PKS,other,saccharide,NRPS,ribosomal,terpene
BGC0000002,1,0,0,0,0,0
BGC0000017,1,1,0,0,0,0
BGC0000018,1,0,0,0,0,0
BGC0000020,1,0,0,0,0,0
BGC0000023,1,0,0,0,0,0
BGC0000028,1,0,0,0,0,0
BGC0000031,1,0,0,0,0,0
BGC0000033,1,0,0,0,0,0
BGC0000038,1,0,0,0,0,0
BGC0000041,1,0,0,0,0,0
BGC0000043,1,0,0,0,0,0
BGC0000047,1,0,0,0,0,0
BGC0000051,1,0,0,0,0,0
BGC0000054,1,0,0,0,0,0
BGC0000055,1,0,1,0,0,0
BGC0000058,1,0,0,0,0,0
BGC0000060,1,0,0,0,0,0
BGC0000066,1,0,0,0,0,0
BGC0000068,1,0,0,0,0,0
BGC0000072,1,0,0,0,0,0
BGC0000074,1,0,0,0,0,0
BGC0000078,1,0,0,0,0,0
BGC0000080,1,0,0,0,0,0
BGC0000081,1,0,0,1,0,0
BGC0000083,1,0,0,0,0,0
BGC0000085,1,0,0,0,0,0
BGC0000087,1,0,0,0,0,0
BGC0000091,1,0,0,0,0,0
BGC0000093,1,0,0,0,0,0
BGC0000097,1,0,0,0,0,0
BGC0000102,1,0,0,0,0,0
BGC0000105,1,0,0,0,0,0
BGC0000109,1,0,0,0,0,0
BGC0000111,1,0,0,0,0,0
BGC0000113,1,0,0,0,0,0
BGC0000115,1,0,1,0,0,0
BGC0000116,1,0,0,0,0,0
BGC0000118,1,0,0,0,0,0
BGC0000123,1,0,0,0,0,0
BGC0000125,1,0,0,0,0,0
BGC0000127,1,0,0,0,0,0
BGC0000130,1,0,0,0,0,0
BGC0000132,1,0,0,0,0,0
BGC0000135,1,0,0,0,0,0
BGC0000137,1,0,0,0,0,0
BGC0000140,1,0,0,0,0,0
BGC0000142,1,0,0,0,0,0
BGC0000144,1,0,0,0,0,0
BGC0000148,1,0,0,0,0,0
BGC0000150,1,0,0,1,0,0
BGC0000151,1,0,1,0,0,0
BGC0000157,1,0,0,0,0,0
BGC0000159,1,0,0,0,0,0
BGC0000163,1,0,0,0,0,0
BGC0000165,1,0,0,0,0,0
BGC0000167,1,0,0,0,0,0
BGC0000172,1,0,0,0,0,0
BGC0000174,1,0,0,0,0,0
BGC0000176,1,0,0,0,0,0
BGC0000178,1,0,0,0,0,0
BGC0000180,1,0,0,0,0,0
BGC0000182,1,0,0,0,0,0
BGC0000185,1,0,0,0,0,0
BGC0000186,1,0,0,1,0,0
BGC0000188,0,1,0,0,0,0
BGC0000189,1,0,0,0,0,0
BGC0000191,1,0,0,0,0,0
BGC0000193,1,0,0,0,0,0
BGC0000195,1,0,0,0,0,0
BGC0000198,1,0,1,0,0,0
BGC0000199,1,0,1,0,0,0
BGC0000200,1,0,1,0,0,0
BGC0000201,1,0,1,0,0,0
BGC0000202,1,0,0,0,0,0
BGC0000204,1,0,0,0,0,0
BGC0000207,1,0,0,0,0,0
BGC0000209,1,0,0,0,0,0
BGC0000210,1,0,1,0,0,0
BGC0000212,1,0,0,0,0,0
BGC0000214,1,0,0,0,0,0
BGC0000216,1,0,0,0,0,0
BGC0000218,1,0,0,0,0,0
BGC0000219,1,0,1,0,0,0
BGC0000222,1,0,0,0,0,0
BGC0000224,1,0,0,0,0,0
BGC0000226,1,0,0,0,0,0
BGC0000229,1,0,1,0,0,0
BGC0000231,1,0,0,0,0,0
BGC0000233,1,0,0,0,0,0
BGC0000235,1,0,0,0,0,0
BGC0000237,1,0,0,0,0,0
BGC0000239,1,0,1,0,0,0
BGC0000240,1,0,1,0,0,0
BGC0000241,1,0,1,0,0,0
BGC0000242,1,0,0,0,0,0
BGC0000244,1,0,0,0,0,0
BGC0000247,1,0,1,0,0,0
BGC0000248,1,0,0,0,0,0
BGC0000252,1,0,0,0,0,0
BGC0000254,1,0,0,0,0,0
BGC0000256,1,0,0,0,0,0
BGC0000258,1,0,0,0,0,0
BGC0000260,1,0,0,0,0,0
BGC0000262,1,0,1,0,0,0
BGC0000263,1,0,0,0,0,0
BGC0000265,1,0,0,0,0,0
BGC0000267,1,0,1,0,0,0
BGC0000268,1,0,0,0,0,0
BGC0000269,1,0,1,0,0,0
BGC0000271,1,0,0,0,0,0
BGC0000273,1,0,1,0,0,0
BGC0000274,1,0,0,0,0,0
BGC0000277,1,0,0,0,0,0
BGC0000279,1,0,0,0,0,0
BGC0000281,1,0,0,0,0,0
BGC0000285,1,0,1,0,0,0
BGC0000286,1,0,0,0,0,0
BGC0000288,0,0,0,1,0,0
BGC0000291,0,0,0,1,0,0
BGC0000295,0,0,0,1,0,0
BGC0000296,0,0,0,1,0,0
BGC0000300,0,0,0,1,0,0
BGC0000303,0,0,0,1,0,0
BGC0000306,0,0,0,1,0,0
BGC0000309,0,0,0,1,0,0
BGC0000310,0,0,0,1,0,0
BGC0000311,0,0,1,1,0,0
BGC0000319,0,0,0,1,0,0
BGC0000320,0,0,0,1,0,0
BGC0000324,0,0,0,1,0,0
BGC0000326,0,0,0,1,0,0
BGC0000328,0,0,0,1,0,0
BGC0000329,0,0,0,1,0,0
BGC0000332,0,0,0,1,0,0
BGC0000333,0,0,0,1,0,0
BGC0000335,1,0,0,1,0,0
BGC0000339,0,0,0,1,0,0
BGC0000341,0,0,0,1,0,0
BGC0000346,1,0,0,1,0,0
BGC0000347,0,0,0,1,0,0
BGC0000349,0,0,0,1,0,0
BGC0000353,0,0,0,1,0,0
BGC0000359,0,0,0,1,0,0
BGC0000362,0,0,0,1,0,0
BGC0000363,0,0,0,1,0,0
BGC0000366,0,0,0,1,0,0
BGC0000367,0,0,0,1,0,0
BGC0000369,0,0,1,1,0,0
BGC0000373,0,0,0,1,0,0
BGC0000374,0,0,0,1,0,0
BGC0000376,0,0,0,1,0,0
BGC0000378,0,0,0,1,0,0
BGC0000381,0,0,0,1,0,0
BGC0000383,1,0,0,1,0,0
BGC0000384,0,0,0,1,0,0
BGC0000386,0,0,0,1,0,0
BGC0000391,0,0,0,1,0,0
BGC0000392,0,0,0,1,0,0
BGC0000396,0,0,0,1,0,0
BGC0000398,0,0,0,1,0,0
BGC0000399,0,0,0,1,0,0
BGC0000401,0,0,0,1,0,0
BGC0000407,0,0,0,1,0,0
BGC0000408,0,0,0,1,0,0
BGC0000410,0,0,0,1,0,0
BGC0000413,0,0,0,1,0,0
BGC0000414,0,0,0,1,0,0
BGC0000416,0,0,0,1,0,0
BGC0000418,0,0,0,1,0,0
BGC0000419,0,0,1,1,0,0
BGC0000422,0,0,0,1,0,0
BGC0000425,0,0,0,1,0,0
BGC0000426,0,0,0,1,0,0
BGC0000429,1,0,0,1,0,0
BGC0000431,0,0,0,1,0,0
BGC0000432,0,0,0,1,0,0
BGC0000435,0,0,0,1,0,0
BGC0000437,0,0,0,1,0,0
BGC0000438,0,0,0,1,0,0
BGC0000441,0,0,0,1,0,0
BGC0000444,0,0,0,1,0,0
BGC0000445,0,0,0,1,0,0
BGC0000447,0,0,0,1,0,0
BGC0000449,0,0,0,1,0,0
BGC0000451,0,0,0,1,0,0
BGC0000454,0,0,0,1,0,0
BGC0000455,0,0,1,1,0,0
BGC0000457,0,0,0,1,0,0
BGC0000459,1,0,0,1,0,0
BGC0000464,0,0,0,1,0,0
BGC0000465,0,0,0,1,0,0
BGC0000468,0,0,0,0,1,0
BGC0000470,0,0,0,0,1,0
BGC0000472,0,0,0,0,1,0
BGC0000475,0,0,0,0,1,0
BGC0000477,0,0,0,0,1,0
BGC0000483,0,0,0,0,1,0
BGC0000484,0,0,0,0,1,0
BGC0000487,0,0,0,0,1,0
BGC0000489,0,0,0,0,1,0
BGC0000491,0,0,0,0,1,0
BGC0000494,0,0,0,0,1,0
BGC0000496,0,0,0,0,1,0
BGC0000498,0,0,0,0,1,0
BGC0000501,0,0,0,0,1,0
BGC0000503,0,0,0,0,1,0
BGC0000506,0,0,0,0,1,0
BGC0000509,0,0,0,0,1,0
BGC0000511,0,0,0,0,1,0
BGC0000514,0,0,0,0,1,0
BGC0000515,0,0,0,0,1,0
BGC0000517,0,0,0,0,1,0
BGC0000520,0,0,0,0,1,0
BGC0000521,0,0,0,0,1,0
BGC0000525,0,0,0,0,1,0
BGC0000527,0,0,0,0,1,0
BGC0000529,0,0,0,0,1,0
BGC0000531,0,0,0,0,1,0
BGC0000532,0,0,0,0,1,0
BGC0000535,0,0,0,0,1,0
BGC0000537,0,0,0,0,1,0
BGC0000539,0,0,0,0,1,0
BGC0000541,0,0,0,0,1,0
BGC0000543,0,0,0,0,1,0
BGC0000544,0,0,0,0,1,0
BGC0000547,0,0,0,0,1,0
BGC0000548,0,0,0,0,1,0
BGC0000551,0,0,0,0,1,0
BGC0000553,0,0,0,0,1,0
BGC0000555,0,0,0,0,1,0
BGC0000556,0,0,0,0,1,0
BGC0000559,0,0,0,0,1,0
BGC0000560,0,0,0,0,1,0
BGC0000564,0,0,0,0,1,0
BGC0000565,0,0,0,0,1,0
BGC0000568,0,0,0,0,1,0
BGC0000570,0,0,0,0,1,0
BGC0000572,0,0,0,0,1,0
BGC0000573,0,0,0,0,1,0
BGC0000575,0,0,0,0,1,0
BGC0000578,0,0,0,0,1,0
BGC0000579,0,0,0,0,1,0
BGC0000581,0,0,0,0,1,0
BGC0000583,0,0,0,0,1,0
BGC0000585,0,0,0,0,1,0
BGC0000587,0,0,0,0,1,0
BGC0000589,0,0,0,0,1,0
BGC0000591,0,0,0,0,1,0
BGC0000594,0,0,0,0,1,0
BGC0000597,0,0,0,0,1,0
BGC0000598,0,0,0,0,1,0
BGC0000600,0,0,0,0,1,0
BGC0000602,0,0,0,0,1,0
BGC0000605,0,0,0,0,1,0
BGC0000607,0,0,0,0,1,0
BGC0000608,0,0,0,0,1,0
BGC0000610,0,0,0,0,1,0
BGC0000612,0,0,0,0,1,0
BGC0000615,0,0,0,0,1,0
BGC0000616,0,0,0,0,1,0
BGC0000617,0,0,0,0,1,0
BGC0000619,0,0,0,0,1,0
BGC0000620,0,0,0,0,1,0
BGC0000622,0,0,0,0,1,0
BGC0000623,0,0,0,0,1,0
BGC0000624,0,0,0,0,1,0
BGC0000625,0,0,0,0,1,0
BGC0000626,0,0,0,0,1,0
BGC0000628,0,0,0,0,1,0
BGC0000630,0,0,0,0,0,1
BGC0000632,0,0,1,0,0,1
BGC0000634,0,0,0,0,0,1
BGC0000636,0,0,0,0,0,1
BGC0000638,0,0,0,0,0,1
BGC0000640,0,0,0,0,0,1
BGC0000642,0,0,0,0,0,1
BGC0000644,0,0,0,0,0,1
BGC0000646,0,0,0,0,0,1
BGC0000648,0,0,0,0,0,1
BGC0000650,0,0,0,0,0,1
BGC0000652,0,0,0,0,0,1
BGC0000654,0,0,1,0,0,1
BGC0000656,0,0,0,0,0,1
BGC0000658,0,0,0,0,0,1
BGC0000659,0,0,0,0,0,1
BGC0000660,0,0,0,0,0,1
BGC0000662,0,0,0,0,0,1
BGC0000663,0,0,0,0,0,1
BGC0000664,0,0,0,0,0,1
BGC0000665,0,1,0,0,0,1
BGC0000666,0,0,0,0,0,1
BGC0000674,0,0,0,0,0,1
BGC0000675,0,0,0,0,0,1
BGC0000677,0,0,0,0,0,1
BGC0000678,0,0,0,0,0,1
BGC0000679,0,0,0,0,0,1
BGC0000683,0,0,0,0,0,1
BGC0000689,0,0,1,0,0,0
BGC0000692,0,0,1,0,0,0
BGC0000694,0,0,1,0,0,0
BGC0000698,0,0,1,0,0,0
BGC0000700,0,0,1,0,0,0
BGC0000702,0,0,1,0,0,0
BGC0000704,0,0,1,0,0,0
BGC0000706,0,0,1,0,0,0
BGC0000708,0,0,1,0,0,0
BGC0000711,0,0,1,0,0,0
BGC0000713,0,0,1,0,0,0
BGC0000715,0,0,1,0,0,0
BGC0000719,0,0,1,0,0,0
BGC0000721,0,0,1,0,0,0
BGC0000723,0,1,1,0,0,0
BGC0000725,0,0,1,0,0,0
BGC0000728,0,0,1,0,0,0
BGC0000730,0,0,1,0,0,0
BGC0000732,0,0,1,0,0,0
BGC0000734,0,0,1,0,0,0
BGC0000736,0,0,1,0,0,0
BGC0000738,0,0,1,0,0,0
BGC0000740,0,0,1,0,0,0
BGC0000742,0,0,1,0,0,0
BGC0000744,0,0,1,0,0,0
BGC0000746,0,0,1,0,0,0
BGC0000748,0,0,1,0,0,0
BGC0000751,0,0,1,0,0,0
BGC0000753,0,0,1,0,0,0
BGC0000754,0,0,1,0,0,0
BGC0000755,0,0,1,0,0,0
BGC0000756,0,0,1,0,0,0
BGC0000757,0,0,1,0,0,0
BGC0000758,0,0,1,0,0,0
BGC0000759,0,0,1,0,0,0
BGC0000760,0,0,1,0,0,0
BGC0000761,0,0,1,0,0,0
BGC0000762,0,0,1,0,0,0
BGC0000763,0,0,1,0,0,0
BGC0000764,0,0,1,0,0,0
BGC0000765,0,0,1,0,0,0
BGC0000766,0,0,1,0,0,0
BGC0000767,0,0,1,0,0,0
BGC0000768,0,0,1,0,0,0
BGC0000769,0,0,1,0,0,0
BGC0000770,0,0,1,0,0,0
BGC0000772,0,0,1,0,0,0
BGC0000773,0,0,1,0,0,0
BGC0000774,0,0,1,0,0,0
BGC0000775,0,0,1,0,0,0
BGC0000776,0,0,1,0,0,0
BGC0000777,0,0,1,0,0,0
BGC0000778,0,0,1,0,0,0
BGC0000779,0,0,1,0,0,0
BGC0000780,0,0,1,0,0,0
BGC0000781,0,0,1,0,0,0
BGC0000782,0,0,1,0,0,0
BGC0000783,0,0,1,0,0,0
BGC0000784,0,0,1,0,0,0
BGC0000785,0,0,1,0,0,0
BGC0000786,0,0,1,0,0,0
BGC0000787,0,0,1,0,0,0
BGC0000788,0,0,1,0,0,0
BGC0000789,0,0,1,0,0,0
BGC0000790,0,0,1,0,0,0
BGC0000791,0,0,1,0,0,0
BGC0000792,0,0,1,0,0,0
BGC0000793,0,0,1,0,0,0
BGC0000794,0,0,1,0,0,0
BGC0000795,0,0,1,0,0,0
BGC0000796,0,0,1,0,0,0
BGC0000797,0,0,1,0,0,0
BGC0000799,0,0,1,0,0,0
BGC0000800,0,0,1,0,0,0
BGC0000801,0,0,1,0,0,0
BGC0000802,0,0,1,0,0,0
BGC0000803,0,0,1,0,0,0
BGC0000804,0,0,1,0,0,0
BGC0000806,0,0,1,0,0,0
BGC0000807,0,0,1,0,0,0
BGC0000809,0,1,0,0,0,0
BGC0000814,0,1,0,0,0,0
BGC0000820,0,1,0,0,0,0
BGC0000825,0,1,0,0,0,0
BGC0000827,0,1,0,0,0,0
BGC0000830,0,1,0,0,0,0
BGC0000833,0,1,1,0,0,0
BGC0000834,0,1,1,0,0,0
BGC0000836,0,1,0,0,0,0
BGC0000840,0,1,0,0,0,0
BGC0000842,0,1,0,0,0,0
BGC0000844,0,1,0,0,0,0
BGC0000846,0,1,0,0,0,0
BGC0000849,0,1,0,0,0,0
BGC0000851,0,1,0,0,0,0
BGC0000853,0,1,0,0,0,0
BGC0000855,0,1,0,0,0,0
BGC0000857,0,1,0,0,0,0
BGC0000859,0,1,0,0,0,0
BGC0000861,0,1,0,0,0,0
BGC0000863,0,1,0,0,0,0
BGC0000865,0,1,0,0,0,0
BGC0000867,0,1,0,0,0,0
BGC0000869,0,1,0,0,0,0
BGC0000871,0,1,0,0,0,0
BGC0000873,0,1,0,0,0,0
BGC0000875,0,1,1,0,0,0
BGC0000876,0,1,0,0,0,0
BGC0000878,0,1,0,0,0,0
BGC0000880,0,1,0,0,0,0
BGC0000882,0,1,0,0,0,0
BGC0000884,0,1,0,0,0,0
BGC0000886,0,1,0,0,0,0
BGC0000889,0,1,0,0,0,0
BGC0000891,0,1,0,0,0,0
BGC0000893,0,0,0,1,0,0
BGC0000895,0,1,0,0,0,0
BGC0000897,0,1,0,0,0,0
BGC0000898,0,0,1,0,0,0
BGC0000899,0,0,1,0,0,0
BGC0000902,1,0,0,0,0,0
BGC0000904,0,1,0,0,0,0
BGC0000906,0,1,0,0,0,0
BGC0000908,0,1,0,0,0,0
BGC0000910,0,1,0,0,0,0
BGC0000912,0,1,0,0,0,0
BGC0000914,0,1,0,0,0,0
BGC0000917,0,1,0,0,0,0
BGC0000919,0,1,0,0,0,0
BGC0000923,0,1,0,0,0,0
BGC0000925,0,1,0,0,0,0
BGC0000927,0,1,0,0,0,0
BGC0000932,0,1,0,0,0,0
BGC0000934,0,1,0,0,0,0
BGC0000937,0,1,0,0,0,0
BGC0000939,0,1,0,0,0,0
BGC0000941,0,1,0,0,0,0
BGC0000943,0,1,0,0,0,0
BGC0000945,0,1,0,0,0,0
BGC0000947,0,1,0,0,0,0
BGC0000949,0,0,0,1,0,0
BGC0000950,0,1,0,1,0,0
BGC0000953,0,0,1,0,0,0
BGC0000955,1,0,0,1,0,0
BGC0000957,1,0,0,1,0,0
BGC0000960,1,0,0,1,0,0
BGC0000963,1,0,1,1,0,0
BGC0000965,1,0,0,0,0,0
BGC0000966,1,0,0,1,0,0
BGC0000970,1,0,0,1,0,0
BGC0000972,1,0,0,1,0,0
BGC0000974,1,0,0,1,0,0
BGC0000976,1,0,0,1,0,0
BGC0000978,1,1,0,1,0,0
BGC0000980,1,0,0,1,0,0
BGC0000982,1,0,0,1,0,0
BGC0000985,1,0,0,1,0,0
BGC0000988,1,0,0,1,0,0
BGC0000990,1,0,0,1,0,0
BGC0000993,1,0,0,1,0,0
BGC0000995,1,0,0,1,0,0
BGC0000998,1,0,0,1,0,0
BGC0001000,1,0,0,1,0,0
BGC0001002,1,0,0,1,0,0
BGC0001004,1,0,0,0,0,0
BGC0001005,1,0,0,1,0,0
BGC0001007,1,0,0,1,0,0
BGC0001008,1,0,0,0,0,0
BGC0001011,1,0,0,1,0,0
BGC0001013,1,0,0,1,0,0
BGC0001015,1,0,0,1,0,0
BGC0001017,1,0,0,1,0,0
BGC0001020,1,0,0,1,0,0
BGC0001022,1,0,0,1,0,0
BGC0001024,1,0,0,1,0,0
BGC0001027,1,0,0,1,0,0
BGC0001029,1,0,0,1,0,0
BGC0001032,1,0,0,1,0,0
BGC0001034,1,0,0,1,0,0
BGC0001038,1,0,0,1,0,0
BGC0001040,1,0,0,1,0,0
BGC0001042,1,0,0,1,0,0
BGC0001045,1,0,0,1,0,0
BGC0001047,1,0,0,1,0,0
BGC0001050,1,0,0,1,0,0
BGC0001052,1,0,0,1,0,0
BGC0001054,1,0,0,1,0,0
BGC0001056,1,0,0,1,0,0
BGC0001059,1,0,0,1,0,0
BGC0001060,1,0,0,0,0,0
BGC0001061,1,0,0,0,0,0
BGC0001062,1,0,0,0,0,0
BGC0001064,1,0,0,0,0,0
BGC0001065,1,0,0,0,0,0
BGC0001066,1,0,0,0,0,0
BGC0001069,1,0,0,1,0,0
BGC0001071,1,0,0,1,0,0
BGC0001072,1,1,1,0,0,0
BGC0001074,1,0,1,0,0,0
BGC0001075,1,0,0,0,0,1
BGC0001076,0,1,0,0,0,0
BGC0001077,1,0,0,0,0,0
BGC0001079,1,0,0,0,0,1
BGC0001083,1,0,0,0,0,1
BGC0001088,1,0,0,1,0,0
BGC0001090,1,0,0,1,0,0
BGC0001093,1,0,0,1,0,0
BGC0001095,0,0,0,1,0,0
BGC0001098,1,0,0,1,0,0
BGC0001100,1,0,0,1,0,0
BGC0001101,1,0,0,1,0,0
BGC0001102,1,0,0,1,0,0
BGC0001103,1,0,0,1,0,0
BGC0001105,1,0,0,1,0,0
BGC0001106,1,0,0,1,0,0
BGC0001108,1,0,0,1,0,0
BGC0001110,1,0,0,1,0,0
BGC0001111,1,0,0,1,0,0
BGC0001112,1,0,0,1,0,0
BGC0001113,1,0,0,1,0,0
BGC0001114,1,0,0,1,0,0
BGC0001115,1,0,0,1,0,0
BGC0001116,1,0,0,1,0,0
BGC0001119,1,0,0,0,0,0
BGC0001125,1,0,0,1,0,0
BGC0001126,0,1,0,0,0,1
BGC0001127,0,0,0,1,0,0
BGC0001128,0,0,0,1,0,0
BGC0001130,1,0,0,1,0,0
BGC0001132,0,0,0,1,0,0
BGC0001135,0,0,0,1,0,0
BGC0001137,0,1,0,0,0,0
BGC0001140,0,0,0,0,0,1
BGC0001145,0,0,0,0,1,0
BGC0001146,0,0,0,0,1,0
BGC0001148,0,0,0,1,1,0
BGC0001149,0,0,1,1,0,0
BGC0001150,1,0,0,0,0,0
BGC0001151,0,1,0,0,0,0
BGC0001152,1,0,0,1,0,0
BGC0001153,0,0,0,1,0,0
BGC0001155,0,0,0,0,1,0
BGC0001156,0,0,0,0,0,1
BGC0001157,0,0,0,0,1,0
BGC0001159,1,0,0,1,0,0
BGC0001160,1,0,0,0,0,0
BGC0001161,1,0,0,0,0,0
BGC0001162,1,0,0,0,0,0
BGC0001163,1,0,0,0,0,0
BGC0001164,1,0,0,0,0,0
BGC0001165,1,0,0,1,0,0
BGC0001167,0,0,0,0,1,0
BGC0001169,1,0,0,0,0,0
BGC0001170,0,0,0,0,1,0
BGC0001171,0,0,0,0,1,0
BGC0001172,1,0,0,1,0,0
BGC0001173,0,0,0,0,1,0
BGC0001174,0,0,0,0,1,0
BGC0001176,0,0,0,0,1,0
BGC0001177,1,0,0,0,0,0
BGC0001179,1,0,0,0,0,0
BGC0001181,0,0,0,0,0,1
BGC0001183,1,0,0,0,0,0
BGC0001184,0,1,0,0,0,0
BGC0001185,0,0,0,1,0,0
BGC0001186,1,0,0,0,0,0
BGC0001188,0,0,0,0,1,0
BGC0001192,0,0,0,1,0,0
BGC0001194,1,0,0,0,0,0
BGC0001195,1,0,0,1,0,0
BGC0001197,1,0,0,0,0,0
BGC0001198,0,0,0,0,0,1
BGC0001199,1,0,0,0,0,0
BGC0001200,1,0,0,0,0,0
BGC0001201,0,0,0,0,0,1
BGC0001202,1,0,0,1,0,0
BGC0001203,1,0,0,1,0,0
BGC0001204,1,0,0,0,0,0
BGC0001207,0,0,0,1,0,0
BGC0001209,0,0,0,0,1,0
BGC0001210,0,0,0,0,1,0
BGC0001211,0,0,0,1,0,0
BGC0001212,1,0,0,1,0,0
BGC0001213,1,0,0,0,0,0
BGC0001216,1,0,0,1,0,0
BGC0001217,0,1,0,0,0,0
BGC0001221,0,1,0,0,0,0
BGC0001222,0,0,0,0,1,0
BGC0001223,0,1,0,0,0,0
BGC0001224,0,1,0,0,0,0
BGC0001225,0,0,0,1,0,0
BGC0001226,0,0,0,0,1,0
BGC0001227,0,0,0,0,0,1
BGC0001229,0,0,0,0,1,0
BGC0001230,1,0,0,1,0,0
BGC0001231,1,0,0,1,0,0
BGC0001233,0,0,0,1,0,0
BGC0001235,1,0,0,1,0,0
BGC0001237,1,0,0,0,0,0
BGC0001283,1,0,0,0,0,0
BGC0001285,0,1,0,0,0,0
BGC0001287,1,0,0,0,0,0
BGC0001288,1,0,0,0,0,0
BGC0001289,0,0,0,0,1,0
BGC0001291,0,0,0,0,1,0
BGC0001292,0,1,0,0,0,0
BGC0001293,1,0,0,0,0,0
BGC0001294,0,1,0,0,0,0
BGC0001295,0,1,0,0,0,0
BGC0001296,1,0,0,0,0,0
BGC0001298,1,0,0,0,0,0
BGC0001299,1,0,0,0,0,0
BGC0001300,1,0,0,0,0,0
BGC0001301,1,0,0,0,0,0
BGC0001302,0,1,0,0,0,0
BGC0001303,1,0,0,0,0,0
BGC0001307,0,0,0,0,1,0
BGC0001310,1,0,0,0,0,0
BGC0001311,0,0,0,0,1,0
BGC0001312,0,0,0,1,0,0
BGC0001327,1,0,0,1,0,0
BGC0001328,1,0,0,1,0,0
BGC0001329,1,0,0,1,0,0
BGC0001330,1,0,0,1,0,0
BGC0001331,1,0,0,1,0,0
BGC0001332,1,0,0,1,0,0
BGC0001333,0,1,0,0,0,0
BGC0001334,0,1,0,0,0,0
BGC0001335,0,1,0,0,0,0
BGC0001336,0,1,0,0,0,0
BGC0001337,0,1,0,0,0,0
BGC0001341,0,0,0,1,0,0
BGC0001342,1,0,0,1,0,0
BGC0001343,1,0,0,0,0,0
BGC0001344,1,0,0,1,0,0
BGC0001346,0,0,0,1,0,0
BGC0001348,1,0,0,0,0,0
BGC0001349,1,0,0,1,0,0
BGC0001356,0,0,0,0,1,0
BGC0001357,1,0,0,0,0,0
BGC0001361,0,0,0,0,0,1
BGC0001363,1,0,0,1,0,0
BGC0001364,0,0,0,0,1,0
BGC0001366,1,0,0,0,0,0
BGC0001367,1,0,0,1,0,0
BGC0001368,0,0,0,1,0,0
BGC0001369,1,0,0,0,0,0
BGC0001374,0,1,0,0,0,0
BGC0001376,1,0,0,0,0,0
BGC0001377,1,0,0,0,0,0
BGC0001380,0,0,1,0,0,0
BGC0001381,1,0,0,0,0,0
BGC0001383,1,0,0,0,0,0
BGC0001384,1,0,0,0,0,0
BGC0001386,1,0,0,0,0,0
BGC0001387,0,1,0,0,0,0
BGC0001388,0,0,0,0,1,0
BGC0001389,0,0,0,1,0,0
BGC0001391,0,0,0,0,1,0
BGC0001392,0,0,0,0,1,0
BGC0001394,1,0,0,1,0,0
BGC0001395,0,1,0,0,0,0
BGC0001396,1,0,0,0,0,0
BGC0001397,1,0,0,1,0,0
BGC0001406,0,0,0,1,0,0
BGC0001407,0,0,0,0,1,0
BGC0001408,0,1,0,0,0,0
BGC0001409,1,0,0,0,0,0
BGC0001410,0,0,1,0,0,0
BGC0001411,0,0,1,0,0,0
BGC0001412,0,0,1,0,0,0
BGC0001413,0,0,0,1,0,0
BGC0001415,1,0,0,1,0,0
BGC0001416,0,0,0,1,0,0
BGC0001417,1,0,0,1,0,0
BGC0001418,1,0,0,1,0,0
BGC0001419,1,0,0,1,0,0
BGC0001420,1,0,0,1,0,0
BGC0001421,1,0,0,1,0,0
BGC0001422,1,0,0,1,0,0
BGC0001423,1,0,0,1,0,0
BGC0001424,1,0,0,1,0,0
BGC0001425,1,0,0,1,0,0
BGC0001426,1,0,0,1,0,0
BGC0001427,1,0,0,1,0,0
BGC0001428,1,0,0,1,0,0
BGC0001429,1,0,0,1,0,0
BGC0001430,1,0,0,1,0,0
BGC0001431,1,0,0,1,0,0
BGC0001432,1,0,0,1,0,0
BGC0001433,1,0,0,0,0,0
BGC0001435,1,0,0,1,0,0
BGC0001438,1,0,1,0,0,0
BGC0001439,1,0,1,0,0,0
BGC0001440,0,1,0,0,0,0
BGC0001441,0,1,0,0,0,0
BGC0001442,0,0,0,1,0,0
BGC0001443,1,0,0,1,0,0
BGC0001444,0,1,0,0,0,0
BGC0001447,1,0,0,0,0,0
BGC0001448,0,0,0,1,0,0
BGC0001451,0,0,0,1,0,0
BGC0001452,1,0,0,0,0,0
BGC0001453,0,1,0,0,0,0
BGC0001454,0,1,0,0,0,0
BGC0001455,1,0,0,1,0,0
BGC0001456,0,0,0,0,0,1
BGC0001457,0,0,0,1,0,0
BGC0001458,0,1,0,0,0,0
BGC0001459,0,0,0,1,0,0
BGC0001460,0,0,0,1,0,0
BGC0001461,0,0,0,1,0,0
BGC0001463,0,1,0,0,0,0
BGC0001464,0,1,0,0,0,0
BGC0001465,0,1,0,0,0,0
BGC0001467,1,0,0,1,0,0
BGC0001468,0,1,0,0,0,0
BGC0001469,0,0,0,1,0,0
BGC0001470,1,0,0,0,0,0
BGC0001471,0,0,0,0,1,0
BGC0001472,0,0,0,0,1,0
BGC0001473,0,0,0,0,1,0
BGC0001474,0,0,0,0,1,0
BGC0001477,1,0,0,1,0,0
BGC0001478,0,1,0,0,0,0
BGC0001480,0,1,0,0,0,0
BGC0001483,0,1,0,0,0,0
BGC0001484,0,1,0,0,0,0
BGC0001485,0,1,0,0,0,0
BGC0001486,0,0,0,0,1,0
BGC0001488,0,1,0,0,0,0
BGC0001490,0,1,0,0,0,0
BGC0001491,1,0,0,0,0,0
BGC0001492,1,0,0,0,0,0
BGC0001493,0,0,0,0,1,0
BGC0001495,1,0,0,0,0,0
BGC0001496,0,0,0,0,1,0
BGC0001498,0,1,0,0,0,0
BGC0001499,0,1,0,0,0,0
BGC0001500,1,0,0,0,0,0
BGC0001501,0,1,0,0,0,0
BGC0001502,0,0,0,1,0,0
BGC0001503,1,0,0,0,0,0
BGC0001504,1,0,0,0,0,0
BGC0001505,0,0,0,0,1,0
BGC0001506,0,0,0,0,1,0
BGC0001507,0,0,0,0,1,0
BGC0001509,0,0,0,1,0,0
BGC0001510,0,1,0,0,0,0
BGC0001511,1,0,0,0,0,0
BGC0001512,1,0,0,0,0,0
BGC0001513,1,0,0,0,0,0
BGC0001514,0,1,0,0,0,0
BGC0001519,1,0,0,1,0,0
BGC0001520,1,0,0,0,0,0
BGC0001521,0,0,0,1,0,0
BGC0001522,1,0,0,0,0,0
BGC0001523,1,0,0,0,0,0
BGC0001524,1,0,0,1,0,0
BGC0001525,0,1,0,0,0,0
BGC0001526,0,1,0,0,0,0
BGC0001529,0,1,0,0,0,0
BGC0001531,0,1,0,0,0,0
BGC0001532,0,0,0,1,0,0
BGC0001533,1,0,0,0,0,0
BGC0001534,0,1,0,0,0,0
BGC0001535,0,1,0,0,0,0
BGC0001536,0,0,0,1,0,0
BGC0001537,1,0,0,0,0,0
BGC0001539,0,0,0,0,1,0
BGC0001540,0,1,0,0,0,0
BGC0001543,1,0,0,0,0,0
BGC0001548,0,0,0,0,1,0
BGC0001549,0,0,0,0,1,0
BGC0001550,0,0,0,0,1,0
BGC0001551,0,0,0,0,1,0
BGC0001552,0,0,0,0,1,0
BGC0001553,1,0,0,1,0,0
BGC0001555,0,0,0,0,1,0
BGC0001556,1,0,0,1,0,0
BGC0001558,1,0,0,0,0,0
BGC0001560,1,0,0,1,0,0
BGC0001561,0,0,0,1,0,0
BGC0001562,0,0,0,1,0,0
BGC0001564,1,0,0,1,0,0
BGC0001566,1,0,0,0,0,0
BGC0001567,0,0,0,1,0,0
BGC0001568,1,0,0,0,0,0
BGC0001569,0,0,0,1,0,0
BGC0001570,0,0,0,1,0,0
BGC0001572,0,1,0,0,0,0
BGC0001574,0,0,0,1,0,0
BGC0001575,0,0,0,1,0,0
BGC0001576,0,0,0,0,1,0
BGC0001579,0,0,0,0,1,0
BGC0001580,1,0,0,0,0,0
BGC0001582,0,0,0,1,0,0
BGC0001584,1,0,0,0,0,0
BGC0001586,0,0,1,0,0,0
BGC0001587,0,1,0,0,0,0
BGC0001588,0,0,1,0,0,0
BGC0001589,0,0,1,0,0,0
BGC0001590,1,0,0,0,0,0
BGC0001591,0,1,0,0,0,0
BGC0001592,0,1,0,0,0,0
BGC0001593,0,0,0,1,0,0
BGC0001594,0,1,0,0,0,0
BGC0001595,0,1,0,0,0,0
BGC0001596,1,0,0,0,0,0
BGC0001597,1,0,0,0,0,0
BGC0001601,0,0,0,0,1,0
BGC0001602,0,0,0,0,1,0
BGC0001603,0,0,1,0,0,0
BGC0001605,0,0,0,0,0,1
BGC0001607,0,1,0,0,0,0
BGC0001610,0,1,0,0,0,0
BGC0001611,1,0,0,0,0,0
BGC0001612,0,1,0,0,0,0
BGC0001615,0,0,0,1,0,0
BGC0001618,0,0,0,0,1,0
BGC0001619,1,0,0,0,0,0
BGC0001620,1,0,0,1,0,0
BGC0001622,1,0,0,0,0,0
BGC0001623,1,0,0,1,0,0
BGC0001625,1,0,0,0,0,0
BGC0001627,0,0,0,1,0,0
BGC0001628,0,0,0,1,0,0
BGC0001629,0,0,0,1,0,0
BGC0001631,1,0,0,1,0,0
BGC0001632,0,0,0,0,1,0
BGC0001633,0,1,0,0,0,0
BGC0001634,0,0,0,0,1,0
BGC0001635,1,0,0,1,0,0
BGC0001637,0,0,0,1,0,0
BGC0001638,0,0,0,0,1,0
BGC0001639,0,0,0,0,1,0
BGC0001640,0,0,0,0,1,0
BGC0001641,0,0,0,1,0,0
BGC0001644,1,0,0,0,0,0
BGC0001645,0,0,0,0,1,0
BGC0001647,1,0,0,0,0,0
BGC0001648,1,0,0,0,0,0
BGC0001649,1,0,0,0,0,0
BGC0001650,0,0,0,1,0,0
BGC0001651,0,1,0,0,0,0
BGC0001652,0,0,0,1,0,0
BGC0001653,1,0,0,0,0,0
BGC0001654,0,0,1,0,0,0
BGC0001655,0,0,0,0,1,0
BGC0001656,1,0,0,0,0,0
BGC0001657,0,0,0,1,0,0
BGC0001658,1,0,0,0,0,0
BGC0001660,0,0,0,0,1,0
BGC0001661,1,0,0,0,0,0
BGC0001662,1,0,0,0,0,0
BGC0001663,1,0,0,0,0,0
BGC0001665,1,0,0,0,0,0
BGC0001666,1,0,0,0,0,0
BGC0001667,1,0,0,1,0,0
BGC0001670,1,0,0,0,0,0
BGC0001671,0,0,0,1,0,0
BGC0001672,0,0,0,1,0,0
BGC0001674,0,0,0,0,1,0
BGC0001675,1,0,0,0,0,0
BGC0001681,0,1,0,0,0,0
BGC0001682,0,1,0,0,0,0
BGC0001683,0,1,0,0,0,0
BGC0001684,0,1,0,0,0,0
BGC0001685,0,1,0,0,0,0
BGC0001687,0,1,0,0,0,0
BGC0001690,1,0,0,0,0,0
BGC0001692,0,0,0,1,0,0
BGC0001693,1,0,0,0,0,0
BGC0001694,1,0,0,0,0,0
BGC0001695,0,0,0,1,0,0
BGC0001696,0,0,0,0,1,0
BGC0001700,1,0,0,0,0,0
BGC0001701,0,0,0,0,1,0
BGC0001702,1,0,0,1,0,0
BGC0001703,0,1,0,0,0,0
BGC0001704,0,1,0,0,0,0
BGC0001705,1,0,0,1,0,0
BGC0001707,0,0,0,0,1,0
BGC0001709,1,0,0,0,0,0
BGC0001711,1,0,0,1,0,0
BGC0001713,0,1,0,0,0,0
BGC0001715,0,0,0,1,0,0
BGC0001716,0,0,0,1,0,0
BGC0001719,1,0,0,0,0,0
BGC0001721,0,0,0,1,0,0
BGC0001723,1,0,0,0,0,0
BGC0001725,0,1,0,0,0,0
BGC0001726,1,0,0,1,0,0
BGC0001727,0,0,0,0,1,0
BGC0001728,1,0,0,1,0,0
BGC0001731,0,1,0,0,0,0
BGC0001732,0,1,0,0,0,0
BGC0001733,0,0,0,0,1,0
BGC0001735,0,1,0,0,0,0
BGC0001736,0,0,0,1,0,0
BGC0001737,1,0,0,1,0,0
BGC0001739,0,1,0,0,0,0
BGC0001740,1,0,0,1,0,0
BGC0001742,1,0,0,0,0,0
BGC0001743,0,0,0,0,1,0
BGC0001746,0,0,0,0,0,1
BGC0001747,0,1,0,0,0,0
BGC0001748,1,0,0,1,0,0
BGC0001750,1,0,0,1,0,0
BGC0001751,1,0,0,1,0,0
BGC0001752,0,0,0,1,0,0
BGC0001753,0,0,0,0,1,0
BGC0001755,1,0,0,0,0,0
BGC0001757,0,1,0,0,0,0
BGC0001758,0,0,0,1,0,0
BGC0001759,1,0,0,0,0,0
BGC0001760,0,0,0,1,0,0
BGC0001761,1,0,0,0,0,0
BGC0001762,0,1,0,0,0,0
BGC0001763,1,0,0,1,0,0
BGC0001764,0,0,0,1,0,0
BGC0001765,0,0,1,0,0,0
BGC0001769,1,0,0,0,0,0
BGC0001770,1,0,0,0,0,0
BGC0001771,0,0,0,1,0,0
BGC0001772,1,0,0,0,0,0
BGC0001773,1,0,0,0,0,0
BGC0001774,0,1,0,0,0,0
BGC0001778,0,1,0,0,0,0
BGC0001779,0,0,0,0,1,0
BGC0001780,0,0,0,1,0,0
BGC0001781,0,0,0,0,1,0
BGC0001782,0,1,0,0,0,0
BGC0001783,0,1,0,0,0,0
BGC0001784,1,0,0,0,0,0
BGC0001785,1,0,0,0,0,0
BGC0001786,0,0,0,0,1,0
BGC0001787,0,0,0,0,1,0
BGC0001788,0,0,0,0,1,0
BGC0001789,0,0,0,0,1,0
BGC0001790,0,0,0,1,0,0
BGC0001791,0,0,0,1,0,0
BGC0001792,0,0,0,1,0,0
BGC0001795,1,0,0,0,0,0
BGC0001796,0,0,0,1,0,0
BGC0001797,0,0,0,0,1,0
BGC0001800,1,0,0,1,0,0
BGC0001801,0,0,0,1,0,0
BGC0001802,0,0,0,0,1,0
BGC0001806,0,0,0,1,0,0
BGC0001807,1,0,0,1,0,0
BGC0001808,0,1,0,0,0,0
BGC0001809,0,1,0,0,0,0
BGC0001810,1,0,0,0,0,0
BGC0001812,1,0,0,0,0,0
BGC0001813,0,0,0,1,0,0
BGC0001814,0,0,0,1,0,0
BGC0001817,0,1,0,0,0,0
BGC0001818,0,0,0,1,0,0
BGC0001819,1,0,0,0,0,0
BGC0001822,0,0,0,1,0,0
BGC0001823,1,0,0,1,0,0
BGC0001824,0,0,0,1,0,0
BGC0001825,0,0,0,1,0,0
BGC0001826,0,0,0,1,0,0
BGC0001828,1,0,0,0,0,0
BGC0001830,1,0,0,0,0,0
BGC0001831,1,0,0,0,0,0
BGC0001833,0,0,0,1,0,0
BGC0001834,0,0,0,1,0,0
BGC0001835,1,0,0,0,0,0
BGC0001836,1,0,0,0,0,0
BGC0001838,0,0,0,1,0,0
BGC0001840,1,0,0,1,0,0
BGC0001841,1,0,0,1,0,0
BGC0001842,0,0,0,1,0,0
BGC0001843,0,0,0,1,0,0
BGC0001844,0,0,0,1,0,0
BGC0001846,0,0,1,1,0,0
BGC0001847,0,1,0,0,0,0
BGC0001848,0,1,0,0,0,0
BGC0001849,0,0,0,0,1,0
BGC0001850,0,1,0,0,0,0
BGC0001851,1,0,0,0,0,0
BGC0001852,1,0,1,0,0,0
BGC0001853,1,0,0,1,0,0
BGC0001856,1,0,0,0,0,0
BGC0001859,0,1,0,0,0,0
BGC0001860,0,0,0,0,1,0
BGC0001861,0,0,0,0,1,0
BGC0001862,0,0,0,0,1,0
BGC0001863,0,0,0,0,1,1
BGC0001864,0,0,0,0,1,0
BGC0001867,0,0,0,0,1,0
BGC0001868,0,1,0,0,0,0
BGC0001869,0,1,0,1,0,0
BGC0001870,0,1,0,0,0,0
BGC0001872,1,0,0,0,0,0
BGC0001873,0,0,0,1,0,0
BGC0001875,1,0,0,0,0,0
BGC0001876,0,0,0,1,0,0
BGC0001877,1,0,0,0,0,0
BGC0001878,1,0,0,1,0,0
BGC0001879,0,1,0,0,0,0
BGC0001880,0,0,0,0,1,0
BGC0001884,1,0,0,1,0,0
BGC0001885,1,0,0,1,0,0
BGC0001887,0,0,0,0,1,0
BGC0001889,0,0,0,0,1,0
BGC0001890,0,0,0,1,0,0
BGC0001891,0,1,0,0,0,0
BGC0001894,0,0,1,0,0,0
BGC0001895,1,0,0,0,0,0
BGC0001896,0,1,0,0,0,0
BGC0001897,1,0,0,0,0,0
BGC0001902,1,0,0,1,0,0
BGC0001903,0,1,0,0,0,0
BGC0001904,1,0,0,0,0,0
BGC0001905,1,0,0,0,0,0
BGC0001910,0,0,0,0,0,1
BGC0001911,0,0,0,0,0,1
BGC0001917,1,0,0,0,0,0
BGC0001918,1,0,0,1,0,0
BGC0001919,1,0,0,1,0,0
BGC0001920,0,0,0,0,1,0
BGC0001922,1,0,0,0,0,0
BGC0001925,0,1,0,0,0,0
BGC0001927,0,1,0,0,0,0
BGC0001928,0,1,0,0,0,0
BGC0001929,0,0,0,0,1,0
BGC0001937,0,1,0,0,0,0
BGC0001940,1,0,0,0,0,0
BGC0001941,1,0,0,0,0,0
BGC0001942,1,0,0,1,0,0
BGC0001944,1,0,0,0,0,0
BGC0001945,0,0,0,1,0,0
BGC0001947,0,0,1,0,0,0
BGC0001948,0,1,0,0,0,0
BGC0001950,0,0,0,1,0,0
BGC0001951,0,0,0,1,0,0
BGC0001952,0,0,0,1,0,0
BGC0001953,0,0,0,1,0,0
BGC0001955,0,0,1,1,0,0
BGC0001956,1,0,0,0,0,0
BGC0001957,1,0,0,0,0,0
BGC0001959,0,1,0,0,0,0
BGC0001960,1,0,0,0,0,0
BGC0001962,1,0,0,0,0,0
BGC0001963,1,0,0,0,0,0
BGC0001964,1,0,0,0,0,0
BGC0001965,0,1,0,0,0,0
BGC0001967,1,0,0,1,0,0
BGC0001968,0,0,0,1,0,0
BGC0001970,1,0,0,1,0,0
BGC0001971,1,0,0,1,0,0
BGC0001972,0,1,0,0,0,0
BGC0001975,0,0,0,1,0,0
BGC0001979,1,0,0,0,0,0
BGC0001980,0,0,0,1,0,0
BGC0001983,0,1,0,0,0,0
BGC0001984,0,0,0,1,0,0
BGC0001985,0,1,0,0,0,0
BGC0001986,0,1,0,0,0,0
BGC0001987,1,0,0,0,0,0
BGC0001991,1,0,0,0,0,0
BGC0001992,0,1,0,0,0,0
BGC0001994,0,1,0,0,0,0
BGC0001999,0,0,0,1,0,0
BGC0002000,1,0,0,0,0,0
BGC0002001,1,0,0,1,0,0
BGC0002002,0,0,0,1,0,0
BGC0002004,0,0,0,0,1,0
BGC0002005,0,0,0,0,1,0
BGC0002006,0,0,0,0,1,0
BGC0002007,0,0,0,0,0,1
BGC0002008,0,1,0,0,0,0
BGC0002009,1,0,0,0,0,0
BGC0002010,1,0,0,1,0,0
BGC0002011,1,0,0,0,0,0
BGC0002012,1,0,0,0,0,0
BGC0002013,0,0,0,0,1,0
BGC0002014,1,0,0,1,0,0
BGC0002015,0,0,0,0,1,0
BGC0002017,0,0,0,1,0,0
BGC0002018,0,1,0,0,0,0
BGC0002019,0,0,0,0,0,1
BGC0002020,0,0,1,1,0,0
BGC0002021,1,0,0,0,0,0
BGC0002022,1,0,0,0,0,0
BGC0002024,1,0,0,0,0,0
BGC0002025,1,0,0,1,0,0
BGC0002026,1,0,0,1,0,0
BGC0002028,1,0,0,0,0,0
BGC0002031,0,1,0,0,0,0
BGC0002032,1,0,0,0,0,0
BGC0002033,1,0,0,0,0,0
BGC0002034,0,1,0,0,0,0
BGC0002036,0,1,0,0,0,0
BGC0002037,0,0,0,1,0,0
BGC0002038,1,0,0,0,0,0
BGC0002039,0,1,0,0,0,0
BGC0002040,0,1,0,0,0,0
BGC0002042,0,0,0,1,0,0
BGC0002043,0,0,0,0,1,0
BGC0002044,0,0,0,1,0,0
BGC0002045,1,0,0,0,0,0
BGC0002046,1,0,0,1,0,0
BGC0002047,1,0,0,0,0,0
BGC0002048,0,0,0,1,0,0
BGC0002049,0,0,0,0,1,0
BGC0002050,1,0,0,1,0,0
BGC0002051,0,0,0,1,0,0
BGC0002052,0,1,0,0,0,0
BGC0002053,0,0,0,0,1,0
BGC0002054,1,0,1,1,0,0
BGC0002058,1,0,0,1,0,0
BGC0002059,1,0,0,1,0,0
BGC0002060,1,0,0,0,0,0
BGC0002064,0,0,0,0,1,0
BGC0002068,1,0,0,1,0,0
BGC0002070,1,0,0,0,0,0
BGC0002071,0,0,0,1,0,0
BGC0002072,1,0,0,0,0,0
BGC0002073,0,0,0,1,0,0
BGC0002074,0,0,0,0,1,0
BGC0002075,0,0,0,1,0,0
BGC0002078,0,0,0,1,0,0
BGC0002079,0,0,0,1,0,0
BGC0002080,0,1,0,0,0,0
BGC0002081,1,0,0,0,0,0
BGC0002082,1,0,0,1,0,0
BGC0002083,1,0,0,0,0,0
BGC0002084,0,0,0,0,1,0
BGC0002085,0,0,1,0,0,0
BGC0002086,1,0,0,0,0,0
BGC0002087,1,0,0,1,0,0
BGC0002088,1,0,1,0,0,0
BGC0002089,0,0,0,1,0,0
BGC0002090,1,0,0,1,0,0
BGC0002091,0,0,0,1,0,0
BGC0002092,0,0,0,1,0,0
BGC0002095,0,0,0,1,0,0
BGC0002096,1,0,0,0,0,0
BGC0002097,1,0,1,1,0,0
BGC0002098,1,0,0,0,0,0
BGC0002099,0,0,0,0,1,0
BGC0002100,0,1,0,1,0,0
BGC0002101,1,0,0,0,0,0
BGC0002102,1,0,0,0,0,0
BGC0002103,0,1,0,0,0,0
BGC0002104,1,0,0,1,0,0
BGC0002106,1,0,0,0,0,0
BGC0002107,1,0,0,1,0,0
BGC0002108,0,0,0,1,0,0
BGC0002109,0,0,0,1,0,0
BGC0002110,0,0,0,0,1,0
BGC0002111,0,0,0,0,1,0
BGC0002114,1,0,0,1,0,0
BGC0002115,0,0,0,0,1,0
BGC0002117,0,0,0,1,0,0
BGC0002118,1,0,0,1,0,0
BGC0002119,1,0,0,1,0,0
BGC0002120,0,0,0,0,1,0
BGC0002122,0,0,0,1,0,0
BGC0002123,1,0,0,1,0,0
BGC0002124,1,0,0,0,0,0
BGC0002125,0,0,0,1,0,0
BGC0002126,0,0,0,1,0,0
BGC0002127,1,0,0,0,0,0
BGC0002128,0,1,0,0,0,0
BGC0002129,1,0,0,0,0,0
BGC0002130,0,0,0,0,1,0
BGC0002131,1,0,1,1,0,0
BGC0002132,0,0,0,0,1,0
BGC0002133,0,0,0,0,1,0
BGC0002134,0,1,0,0,0,0
BGC0002135,0,0,0,1,0,0
BGC0002136,1,0,0,1,0,0
BGC0002137,1,0,0,0,0,0
BGC0002138,1,0,0,0,0,0
BGC0002140,1,0,0,0,0,0
BGC0002141,1,0,0,0,0,0
BGC0002142,1,0,0,0,0,0
BGC0002143,1,0,0,0,0,0
BGC0002144,0,0,0,0,1,0
BGC0002147,0,0,0,1,0,0
BGC0002148,0,1,0,0,0,0
BGC0002150,0,0,0,0,1,0
BGC0002151,0,0,0,0,1,0
BGC0002152,0,1,0,0,0,0
BGC0002153,1,0,0,0,0,0
BGC0002257,1,0,0,0,0,0
BGC0002282,0,1,0,0,0,0
BGC0002283,0,0,0,0,0,1
BGC0002284,0,1,0,0,0,0
BGC0002285,0,0,0,0,1,0
BGC0002286,0,0,0,1,0,0
BGC0002287,0,0,0,1,0,0
BGC0002288,0,0,0,1,0,0
BGC0002289,0,0,0,0,1,0
BGC0002291,1,0,0,0,0,0
BGC0002293,0,0,0,1,0,0
BGC0002294,0,1,0,0,0,0
BGC0002295,0,0,1,1,0,0
BGC0002296,1,0,0,1,0,0
BGC0002297,1,0,0,1,0,0
BGC0002298,0,0,0,0,1,0
BGC0002300,0,0,0,1,0,0
BGC0002302,0,0,1,0,0,0
BGC0002303,0,0,0,0,1,0
BGC0002305,0,1,0,0,0,0
BGC0002306,0,0,0,0,1,0
BGC0002307,0,0,0,0,1,0
BGC0002308,1,1,0,0,0,0
BGC0002309,0,0,0,0,0,1
BGC0002311,0,0,0,0,1,0
BGC0002312,0,0,0,0,1,0
BGC0002313,0,1,0,0,0,0
BGC0002314,0,0,0,1,0,0
BGC0002315,1,0,0,0,0,0
BGC0002316,0,0,0,0,1,0
BGC0002317,0,0,0,0,1,0
BGC0002318,0,0,0,0,1,0
BGC0002319,0,0,0,0,1,0
BGC0002322,0,0,0,0,1,0
BGC0002323,0,0,0,0,1,0
BGC0002324,1,0,0,1,0,0
BGC0002326,0,0,0,1,0,0
BGC0002327,0,0,0,1,0,0
BGC0002328,0,0,0,0,1,0
BGC0002329,0,0,0,1,0,0
BGC0002330,0,0,0,0,1,0
BGC0002331,0,1,0,0,0,0
BGC0002332,1,0,0,0,0,0
BGC0002333,1,0,0,0,0,0
BGC0002336,0,0,0,1,0,0
BGC0002337,0,0,0,0,1,0
BGC0002338,1,0,0,0,0,0
BGC0002339,0,0,0,0,0,1
BGC0002340,0,1,0,1,0,0
BGC0002341,0,1,0,0,0,0
BGC0002342,1,0,0,1,0,0
BGC0002343,0,1,0,0,1,0
BGC0002344,0,0,0,1,0,0
BGC0002345,0,1,0,0,0,0
BGC0002346,0,0,0,0,1,0
BGC0002347,0,1,0,0,0,0
BGC0002349,1,0,0,0,0,0
BGC0002350,1,0,1,1,0,0
BGC0002351,0,0,0,1,0,0
BGC0002352,0,1,0,0,0,0
BGC0002354,0,1,0,0,0,0
BGC0002355,1,1,0,0,0,0
BGC0002356,1,1,0,0,0,0
BGC0002357,1,1,0,0,0,0
BGC0002358,1,0,0,0,0,0
BGC0002359,0,0,0,1,0,0
BGC0002360,0,0,0,1,0,0
BGC0002361,1,0,1,0,0,0
BGC0002362,1,0,0,0,0,0
BGC0002363,0,0,0,0,1,0
BGC0002364,1,0,0,0,0,0
BGC0002365,1,1,0,0,0,0
BGC0002366,1,0,0,0,0,0
BGC0002367,0,0,0,1,0,0
BGC0002369,1,0,0,0,0,0
BGC0002370,0,0,0,1,0,0
BGC0002372,1,1,0,0,0,1
BGC0002373,0,0,0,1,0,0
BGC0002374,1,0,0,0,0,0
BGC0002376,1,0,0,0,0,0
BGC0002377,0,0,0,1,0,0
BGC0002378,0,0,0,1,0,0
BGC0002379,0,0,0,1,0,0
BGC0002381,1,1,0,0,0,0
BGC0002382,0,0,0,0,1,0
BGC0002383,1,0,0,0,0,0
BGC0002384,0,0,0,1,0,0
BGC0002385,1,0,0,0,0,0
BGC0002386,1,0,0,1,0,0
BGC0002387,1,0,0,0,0,0
BGC0002407,0,1,1,0,0,0
BGC0002408,0,0,0,1,0,0
BGC0002409,0,0,0,1,0,0
BGC0002410,0,0,0,1,0,0
BGC0002411,1,0,0,1,0,0
BGC0002412,0,0,0,1,0,0
BGC0002413,0,0,0,1,0,0
BGC0002414,0,0,0,1,0,0
BGC0002415,0,0,0,1,0,0
BGC0002416,1,0,0,1,0,0
BGC0002417,1,0,0,1,0,0
BGC0002418,1,0,0,1,0,0
BGC0002419,1,0,0,1,0,0
BGC0002420,1,0,0,1,0,0
BGC0002421,0,0,0,1,0,0
BGC0002422,0,0,0,1,0,0
BGC0002423,0,1,0,0,0,0
BGC0002424,0,0,0,1,0,0
BGC0002425,0,0,0,0,1,0
BGC0002426,0,0,0,1,0,0
BGC0002430,0,0,1,1,0,0
BGC0002431,1,0,1,0,0,0
BGC0002432,0,0,0,1,0,0
BGC0002433,0,0,0,1,0,0
BGC0002434,1,0,0,1,0,0
BGC0002435,0,1,0,0,0,0
BGC0002436,0,1,0,0,0,0
BGC0002439,0,1,0,0,0,0
BGC0002440,0,0,0,1,0,0
BGC0002441,1,0,0,1,0,0
BGC0002442,0,0,0,0,1,0
BGC0002443,1,0,0,0,0,0
BGC0002446,1,0,0,0,0,0
BGC0002447,0,0,0,0,1,0
BGC0002448,0,0,0,1,0,0
BGC0002449,0,1,0,0,0,0
BGC0002450,0,1,0,0,0,0
BGC0002451,1,0,0,0,0,0
BGC0002452,1,0,0,0,0,0
BGC0002453,1,0,0,0,0,0
BGC0002454,1,0,0,0,0,0
BGC0002455,1,0,0,0,0,0
BGC0002456,1,0,0,1,0,0
BGC0002458,0,0,0,1,0,0
BGC0002460,0,1,0,0,0,0
BGC0002461,1,0,0,0,0,0
BGC0002462,0,0,1,0,0,0
BGC0002464,0,1,0,0,0,0
BGC0002465,0,0,0,1,0,0
BGC0002466,0,0,0,1,0,0
BGC0002467,0,0,0,1,0,0
BGC0002468,0,0,0,1,0,0
BGC0002469,0,1,0,0,0,0
BGC0002470,0,1,0,0,0,0
BGC0002471,0,1,0,0,0,0
BGC0002472,0,0,0,1,0,0
BGC0002473,0,0,0,1,0,0
BGC0002474,0,0,0,1,0,0
BGC0002475,0,0,0,1,0,0
BGC0002476,0,0,0,1,0,0
BGC0002477,1,0,0,0,0,0
BGC0002478,1,0,0,0,0,0
BGC0002479,1,0,1,1,0,0
BGC0002480,1,0,0,1,0,0
BGC0002482,0,1,0,0,0,0
BGC0002484,1,0,0,1,0,0
BGC0002485,0,1,0,0,1,0
BGC0002487,0,1,0,0,0,0
BGC0002488,0,1,0,0,0,0
BGC0002489,0,1,0,0,0,0
BGC0002490,0,1,0,0,0,0
BGC0002491,0,0,0,1,0,0
BGC0002492,0,0,0,1,0,0
BGC0002493,0,0,0,1,0,0
BGC0002494,0,0,0,1,0,0
BGC0002495,0,0,0,1,0,0
BGC0002496,0,0,0,1,0,0
BGC0002497,0,1,0,0,0,0
BGC0002498,0,1,0,0,0,0
BGC0002499,1,0,0,1,0,0
BGC0002500,1,0,0,0,0,0
BGC0002503,1,0,0,1,0,0
BGC0002504,1,0,0,0,0,0
BGC0002506,1,0,0,0,0,0
BGC0002508,0,1,0,0,0,0
BGC0002509,0,0,0,1,0,0
BGC0002510,1,0,0,0,0,0
BGC0002512,0,0,0,1,0,0
BGC0002514,1,0,0,0,0,0
BGC0002517,1,0,0,0,0,0
BGC0002518,0,0,0,1,0,0
BGC0002520,1,0,0,0,0,0
BGC0002521,0,0,0,1,0,0
BGC0002522,0,0,0,1,0,0
BGC0002523,0,0,0,1,0,0
BGC0002524,0,0,0,1,0,0
BGC0002526,1,0,0,0,0,0
BGC0002527,0,1,0,0,0,0
BGC0002528,0,0,0,1,0,0
BGC0002529,0,0,0,1,0,0
BGC0002530,0,0,0,1,0,0
BGC0002531,0,0,0,1,0,0
BGC0002532,1,0,0,1,0,0
BGC0002533,1,0,0,1,0,0
BGC0002535,0,0,0,1,0,0
BGC0002536,0,0,0,1,0,0
BGC0002540,1,0,0,0,0,0
BGC0002541,0,1,0,0,0,0
BGC0002542,1,0,0,1,0,0
BGC0002544,0,0,0,1,0,0
BGC0002545,1,0,0,0,0,0
BGC0002547,1,0,0,0,0,0
BGC0002548,0,0,0,1,0,0
BGC0002550,1,0,0,0,0,0
BGC0002551,0,1,0,0,1,1
BGC0002552,1,0,0,0,0,0
BGC0002553,0,1,0,0,0,0
BGC0002554,0,1,0,0,0,0
BGC0002556,0,1,0,0,0,0
BGC0002558,1,0,0,0,0,0
BGC0002559,1,0,0,0,0,0
BGC0002560,0,0,0,0,1,0
BGC0002561,0,1,0,0,0,0
BGC0002563,0,0,0,1,0,0
BGC0002564,0,0,0,1,0,0
BGC0002565,0,0,0,1,0,0
BGC0002567,0,1,0,0,0,0
BGC0002568,0,1,0,0,0,0
BGC0002569,0,0,0,1,0,0
BGC0002570,1,0,0,1,0,0
BGC0002571,0,0,0,1,0,0
BGC0002572,1,0,0,1,0,0
BGC0002573,0,1,0,0,0,0
BGC0002575,0,0,0,0,1,0
BGC0002576,0,0,0,0,1,0
BGC0002577,0,0,0,0,1,0
BGC0002578,0,1,0,0,0,0
BGC0002579,0,0,0,0,1,0
BGC0002580,0,0,0,0,1,0
BGC0002581,0,0,0,1,0,0
BGC0002582,0,0,0,1,0,0
BGC0002583,0,0,0,0,1,0
BGC0002584,0,0,0,0,1,0
BGC0002586,0,0,0,0,1,0
BGC0002587,1,0,0,0,0,0
BGC0002588,0,1,0,0,0,0
BGC0002591,1,0,0,0,0,1
BGC0002597,1,0,0,1,0,0
BGC0002613,1,0,0,1,0,0
BGC0002620,0,1,0,0,0,0
BGC0002621,0,1,0,0,0,0
BGC0002623,1,0,0,1,0,0
BGC0002625,1,0,0,1,0,0
BGC0002626,0,0,0,0,1,0
BGC0002629,0,0,0,0,1,0
BGC0002631,0,0,0,0,1,0
BGC0002633,0,1,0,0,0,0
BGC0002634,1,1,0,1,0,0
BGC0002635,0,0,0,0,1,0
BGC0002637,0,0,0,1,0,0
BGC0002638,0,0,0,1,0,0
BGC0002639,0,0,0,1,0,0
BGC0002640,0,0,0,0,1,0
BGC0002641,0,0,0,1,0,0
BGC0002642,0,1,0,0,0,0
BGC0002643,0,1,0,0,0,0
BGC0002645,0,1,0,0,0,0
BGC0002648,1,0,0,0,0,0
BGC0002649,1,0,0,1,0,0
BGC0002652,0,1,1,0,0,0
BGC0002653,0,0,0,1,0,0
BGC0002654,0,0,0,1,0,0
BGC0002656,1,0,0,0,0,0
BGC0002657,1,0,0,1,0,0
BGC0002659,0,0,0,0,1,0
BGC0002660,0,0,0,1,0,0
BGC0002661,0,0,0,1,0,0
BGC0002663,0,0,0,0,1,0
BGC0002665,0,0,0,0,1,0
BGC0002666,0,1,0,1,0,0
BGC0002667,0,0,0,0,1,0
BGC0002668,0,0,0,0,1,0
BGC0002669,0,0,0,0,1,0
BGC0002671,1,0,0,0,0,0
BGC0002672,1,0,0,0,0,0
BGC0002673,1,1,0,0,0,0
BGC0002674,0,0,0,0,1,0
BGC0002675,1,0,0,0,0,0
BGC0002676,0,0,0,1,0,0
BGC0002677,0,1,0,0,0,0
BGC0002678,0,0,0,1,0,0
BGC0002679,0,0,0,1,0,0
BGC0002680,0,0,0,1,0,0
BGC0002681,0,1,0,0,0,0
BGC0002682,0,1,0,0,0,0
BGC0002683,0,0,0,1,0,0
BGC0002685,0,0,0,1,0,0
BGC0002686,0,0,0,1,0,0
BGC0002687,1,0,0,1,0,0
BGC0002688,0,0,0,1,0,0
BGC0002689,0,0,0,1,0,0
BGC0002690,0,1,0,0,0,0
BGC0002691,0,0,0,1,0,0
BGC0002692,0,1,0,0,0,0
BGC0002693,0,0,0,1,0,0
BGC0002694,0,1,0,0,0,0
BGC0002695,0,0,0,1,0,0
BGC0002696,0,0,0,1,0,0
BGC0002697,1,0,0,1,0,0
BGC0002698,0,0,0,0,1,0
BGC0002699,0,0,0,0,1,0
BGC0002700,0,0,0,0,1,0
BGC0002701,0,0,0,0,1,0
BGC0002702,0,0,0,1,0,0
BGC0002706,0,0,0,1,0,0
BGC0002711,1,0,0,0,0,0
BGC0002712,1,0,0,0,0,0
BGC0002713,0,0,0,1,0,0
BGC0002715,1,0,0,1,0,0
BGC0002716,0,0,0,1,0,0
BGC0002718,0,0,0,1,0,0
BGC0002719,0,0,0,1,0,0
BGC0002725,0,0,0,0,1,0
BGC0002732,1,0,0,0,0,0
BGC0002733,0,1,0,0,0,0
BGC0002735,1,0,0,1,0,0
BGC0002751,0,0,0,0,1,0
BGC0002752,0,0,0,1,0,0
BGC0002754,0,0,0,1,0,0
BGC0002755,0,0,0,1,0,0
BGC0002760,0,0,0,1,0,0
BGC0002765,0,0,0,1,0,0
BGC0002768,0,0,0,1,0,0
BGC0002775,0,0,0,1,0,0
BGC0002779,0,0,0,1,0,0
BGC0002786,0,0,0,0,0,1
BGC0002788,1,0,0,0,0,0
BGC0002789,1,0,0,0,0,0
BGC0002804,0,1,0,0,0,0
BGC0002805,0,1,0,0,0,0
BGC0002806,1,0,0,1,0,0
BGC0002808,1,0,0,0,0,0
BGC0002810,1,0,0,1,0,0
BGC0002813,1,0,0,1,0,0
BGC0002814,1,0,0,1,0,0
BGC0002815,1,0,0,1,0,0
BGC0002816,1,0,0,0,0,0
BGC0002825,0,0,0,0,1,0
BGC0002826,0,1,0,0,0,0
BGC0002835,0,0,0,0,1,0
BGC0002850,0,0,0,1,0,0
BGC0002851,1,0,0,0,0,0
BGC0002859,1,0,0,0,0,0
BGC0002860,0,0,0,0,0,1
BGC0002861,1,0,0,0,0,0
BGC0002862,1,0,0,0,0,0
BGC0002863,1,0,0,0,0,0
BGC0002866,0,0,0,1,0,0
BGC0002868,0,0,0,1,0,0
BGC0002869,1,0,0,0,0,0
BGC0002871,0,0,0,1,0,0
BGC0002873,1,0,0,0,0,0
BGC0002878,0,0,0,0,1,0
BGC0002879,0,0,0,1,0,0
BGC0002880,0,0,0,1,0,0
BGC0002881,0,0,0,1,0,0
BGC0002886,1,0,0,1,0,0
BGC0002890,0,0,0,1,0,0
BGC0002892,0,0,0,1,0,0
BGC0002897,0,0,0,0,1,0
BGC0002899,0,0,0,0,1,0
BGC0002900,0,0,0,0,1,0
BGC0002901,0,0,0,0,1,0
BGC0002903,0,0,0,0,1,0
BGC0002909,0,0,0,0,1,0
BGC0002912,0,0,0,1,0,0
BGC0002913,1,0,0,1,0,0
BGC0002914,0,0,0,1,0,0
BGC0002915,1,0,0,1,0,0
BGC0002918,0,0,0,1,0,0
BGC0002919,0,0,0,1,0,0
BGC0002926,1,0,0,0,0,0
BGC0002928,1,0,0,0,0,0
BGC0002931,1,0,0,1,0,0
BGC0002932,1,0,0,0,0,0
BGC0002934,0,0,0,0,1,0
BGC0002939,0,0,0,1,0,0
BGC0002940,1,0,0,1,0,0
BGC0002943,0,0,0,0,1,0
BGC0002944,1,0,0,1,0,0
BGC0002948,1,0,0,0,0,0
BGC0002949,0,0,0,1,0,0
BGC0002950,1,0,0,1,0,0
BGC0002954,0,0,0,0,1,0
BGC0002955,0,0,0,1,0,0
BGC0002957,0,0,0,1,0,0
BGC0002958,1,0,0,0,0,0
BGC0002959,1,0,0,0,0,0
BGC0002961,1,0,0,0,0,0
BGC0002962,0,0,0,1,0,0
BGC0002964,1,0,0,0,0,0
BGC0002965,0,0,0,0,1,0
BGC0002967,0,0,0,0,1,0
BGC0002968,0,0,0,0,1,0
BGC0002969,0,0,0,0,0,1
BGC0002974,1,0,0,1,0,0
BGC0002977,1,0,0,1,0,0
BGC0002978,0,0,0,1,0,0
BGC0002981,0,0,0,0,1,0
BGC0002982,1,0,0,0,0,0
BGC0002983,0,0,1,1,0,0
BGC0002986,0,0,0,0,1,0
BGC0002988,1,0,0,0,0,0
BGC0002989,0,0,0,1,0,0
BGC0002990,0,0,0,0,1,0
BGC0002991,1,0,0,0,0,0
BGC0002992,0,0,1,0,0,0
BGC0002994,0,0,0,1,0,0
BGC0003000,0,0,0,1,0,0
BGC0003002,0,0,0,0,1,0
BGC0003004,0,0,0,0,1,0
BGC0003005,0,0,0,1,0,0
BGC0003007,0,0,0,1,0,0
BGC0003010,0,0,0,1,0,0
BGC0003015,0,0,0,0,1,0
BGC0003019,0,0,0,0,1,0
BGC0003023,0,0,0,1,0,0
BGC0003025,0,0,0,1,0,0
BGC0003027,1,0,0,0,0,0
BGC0003029,1,0,0,0,0,1
BGC0003037,1,0,0,0,0,0
BGC0003038,1,0,0,0,0,0
BGC0003040,1,0,0,1,0,0
BGC0003042,1,0,0,1,0,0
BGC0003043,0,0,0,0,1,0
BGC0003044,0,0,1,1,0,0
BGC0003048,0,0,0,1,0,0
BGC0003049,1,0,0,0,0,0
BGC0003050,0,0,0,0,1,0
BGC0003051,0,0,0,1,0,0
BGC0003060,0,0,0,0,1,0
BGC0003062,0,0,0,0,1,0
BGC0003063,0,0,0,0,1,0
BGC0003065,0,0,0,0,1,0
BGC0003066,0,0,1,0,0,0
BGC0003067,1,0,0,0,0,0
BGC0003069,0,0,0,1,0,0
BGC0003070,1,0,0,0,0,0
BGC0003073,0,0,0,0,0,1
BGC0003075,1,0,0,0,0,0
BGC0003078,1,0,0,0,0,0
BGC0003079,0,0,0,1,0,0
BGC0003080,0,0,0,1,0,0
BGC0003082,0,0,0,1,0,0
BGC0003083,0,0,0,0,1,0
BGC0003084,0,0,0,1,0,0
BGC0003089,1,0,0,0,0,0
BGC0003095,0,0,0,0,1,0
BGC0003096,0,0,0,0,1,0
BGC0003097,0,0,0,0,1,0
BGC0003100,0,0,0,0,1,0
BGC0003101,0,0,0,0,1,0
BGC0003103,0,0,0,0,1,0
BGC0003104,0,0,0,0,1,0
BGC0003107,0,0,0,0,1,0
BGC0003114,1,0,0,0,0,0
BGC0003117,1,0,0,1,0,0
BGC0003134,1,0,1,0,0,0
BGC0003135,1,0,0,1,0,0
BGC0003137,1,0,0,0,0,0
BGC0003141,0,0,0,1,0,0
BGC0003143,1,0,0,0,0,0
BGC0003155,0,0,1,1,0,0
BGC0003156,0,0,1,1,0,0
BGC0003160,1,0,0,0,1,0
BGC0003164,0,0,1,1,0,0
BGC0003165,0,0,1,1,0,0
BGC0003168,0,0,1,1,0,0
BGC0003169,0,0,0,1,0,0
BGC0003170,0,0,0,1,0,0
